## 525: Two-trait analyses (with repeated measures)

- Title: 525: Two-trait analyses (with repeated measures)
- Author: Juliana Petrini
- Date: Jun 27, 2015

```
I ran two-trait analyses in AIREMLF90. One trait had repeated measures whereas the another trait had only a single
measure per animal. I followed the instructions of Andres Legarra of a previous post
(https://groups.yahoo.com/neo/groups/blupf90/conversations/topics/178) and the analyses worked very well. The
coefficients of heritability were similar to those obtained in one-trait analyses and the genetic correlation was
estimated by using the OPTION se_covar_function. However, the phenotypic correlation assumed an absurd value and its
standard error was not estimated. Anyone knows what can be happening? Any help will be very appreciated. Below I
printed the airemlf90.log from one of these analyses. 


Best regards,
Juliana. 
 
 AI-REMLF90 ver. 1.112
 In round	   9 convergence =  0.671010716962E-13
 delta convergence =  0.302046833826E-03
-2logL =	249570.52     : AIC =	     249586.52	  
Genetic variance(s) for effect	7	
   8.3766      -7.4118	  
  -7.4118	3471.5	  
  correlations
   1.0000     -0.43464E-01
 -0.43464E-01	1.0000	  
  eigenvectors
  -1.0000     -0.21402E-02
 -0.21402E-02	1.0000	  
  eigenvalues
   8.3608	3471.6	  
Genetic variance(s) for effect	8	
   19.719	28.239	  
   28.239	80.609	  
  correlations
   1.0000      0.70831	  
  0.70831	1.0000	  
  eigenvectors
 -0.93091      0.36526	  
  0.36526      0.93091	  
  eigenvalues
   8.6384	91.689	  
Residual variance(s)
   40.476	0.0000	  
   0.0000	6450.9	  
  correlations
   1.0000	0.0000	  
   0.0000	1.0000	  
  eigenvectors
   1.0000	0.0000	  
   0.0000	1.0000	  
  eigenvalues
   40.476	6450.9	  
inverse of AI matrix (Sampling Variance)
   2.2616	1.3346	     2.8750	 -1.6440      -1.1306	   -1.1671     -0.74018E-03  -1.1671	
   1.3346	399.83	     516.39	 -1.1153      -283.04	   -215.10     -0.14798E-01  -215.10	
   2.8750	516.39	    0.28408E+06  -2.3677      -415.91	   -99634.     -0.11920E-01  -99634.	
  -1.6440      -1.1153	    -2.3677	  1.7425       1.3168	    1.0925     -0.21634E-01   1.0925	
  -1.1306      -283.04	    -415.91	  1.3168       285.81	    229.71	0.10338E-01   229.71	
  -1.1671      -215.10	    -99634.	  1.0925       229.71	   0.62134E+09	0.44002E-02 -0.62125E+09
 -0.74018E-03 -0.14798E-01 -0.11920E-01 -0.21634E-01  0.10338E-01  0.44002E-02	0.12566      0.44003E-02
  -1.1671      -215.10	    -99634.	  1.0925       229.71	  -0.62125E+09	0.44003E-02  0.62134E+09
Correlations from inverse of AI matrix
   1.0000      0.44381E-01  0.35868E-02 -0.82814     -0.44468E-01 -0.31133E-04 -0.13884E-02 -0.31133E-04
  0.44381E-01	1.0000	    0.48454E-01 -0.42255E-01 -0.83729	  -0.43155E-03 -0.20877E-02 -0.43155E-03
  0.35868E-02  0.48454E-01   1.0000	-0.33652E-02 -0.46158E-01 -0.74994E-02 -0.63088E-04 -0.74994E-02
 -0.82814     -0.42255E-01 -0.33652E-02   1.0000      0.59004E-01  0.33202E-04 -0.46232E-01  0.33202E-04
 -0.44468E-01 -0.83729	   -0.46158E-01  0.59004E-01   1.0000	   0.54510E-03	0.17251E-02  0.54510E-03
 -0.31133E-04 -0.43155E-03 -0.74994E-02  0.33202E-04  0.54510E-03   1.0000	0.49797E-06 -0.99985	
 -0.13884E-02 -0.20877E-02 -0.63088E-04 -0.46232E-01  0.17251E-02  0.49797E-06	 1.0000      0.49798E-06
 -0.31133E-04 -0.43155E-03 -0.74994E-02  0.33202E-04  0.54510E-03 -0.99985	0.49798E-06   1.0000	
SE for R
  0.35449	0.0000	  
   0.0000	24927.	  
SE for G
   1.5039	19.996	  
   19.996	532.99	  
SE for G
   1.3201	16.906	  
   16.906	24927.	  


Sampling variances of covariances function of random effects (n=10000)
  
rg12  - Fucntion: g_7_7_1_2/(g_7_7_1_1*g_7_7_2_2)^0.5
  Mean:  -0.43464E-01
  Sample Mean:	-0.48343E-01
  Sample SD:   0.12095	  
  
rp12  - Fucntion: (g_7_7_1_2+g_8_8_1_2+r_1_2)/((g_7_7_1_1+g_8_8_1_1+r_1_1)*(g_7_7_2_2+g_8_8_2_2+r_2_2))^0.5
  Mean:    13.111    
  Sample Mean:		 NaN
  Sample SD:	       NaN
```

- [525](0525.md): Two-trait analyses (with repeated measures) by Juliana Petrini, Jun 27, 2015
