## 700: option residual 1 in thrgibbs1F90

- Title: 700: option residual 1 in thrgibbs1F90
- Author: kerstin.bruegemann
- Date: May 11, 2016

```
Residual variance is not fixed to 1, although OPTION residual 1 is applied. Or are there any errors in my parameter
file?


# BLUPF90 parameter file created by RENF90
DATAFILE
 renf90.dat
NUMBER_OF_TRAITS
 1
NUMBER_OF_EFFECTS
 13
OBSERVATION(S)
 1
WEIGHT(S)
 
EFFECTS: POSITIONS_IN_DATAFILE NUMBER_OF_LEVELS TYPE_OF_EFFECT[EFFECT NESTED]
  2	    5 cross 
  3 1 cov 
  4 1 cov 
  5 1 cov 
  6	  265 cross 
  7	 3880 cross 
  3 3880 cov 7
  4 3880 cov 7
  5 3880 cov 7
  8	 20696 cross 
  3 20696 cov 8
  4 20696 cov 8
  5 20696 cov 8
RANDOM_RESIDUAL VALUES
   1   
 RANDOM_GROUP
 10 11 12 13
 RANDOM_TYPE
 add_animal
 FILE
renadd07.ped						    
(CO)VARIANCES
       3.0778	    4.7865	 -0.0723       -2.9309		
       4.7865	    8.5485	 -0.1024       -5.1544		
      -0.0723	   -0.1024	  0.3097       -0.2439		
      -2.9309	   -5.1544	 -0.2439	4.1184		
 RANDOM_GROUP
 6 7 8 9
 RANDOM_TYPE
diagonal
 FILE
					       
(CO)VARIANCES
       107.9994        247.8793        235.3468        101.8615       
       247.8793        577.4119        548.4527        242.2033       
       235.3468        548.4527        526.7073        229.6441       
       101.8615        242.2033        229.6441        107.8737       
RANDOM_GROUP
5
RANDOM_TYPE
diagonal
FILE

(CO)VARIANCES
2.37
OPTION cat 2
OPTION residual 1
```

- [700](0700.md): option residual 1 in thrgibbs1F90 by kerstin.bruegemann, May 11, 2016
