## 841: Help in random regression analysis

- Title: 841: Help in random regression analysis
- Author: raimundonblobo
- Date: Jun 27, 2017

```
I would like your help to clarify I am correct. I have a file with data from fecal eggs counts with this structure:

 log(fec) | group | season | category | age | animal | Legendre polynomials 0 | leg 1 | leg 2 | leg 3 | leg 4

 If I want perform a random regression analysis with an animal model with fixed effects of group, season, category and
Legendre  polynomials for fixed trajectory and random addictive and permanent environmental effects, and heterogeneous
variance, my parameter file is correct?


 DATAFILE
 data
 NUMBER_OF_TRAITS
 1
 NUMBER_OF_EFFECTS
 15
 OBSERVATION(S)
 1
 WEIGHT(S)

 EFFECTS: POSITIONS_IN_DATAFILE NUMBER_OF_LEVELS TYPE_OF_EFFECT
 2 22 cross #group
 3 13 cross #season
 4 3 cross #cat
 8 1 cov#
 9 1 cov
 10 1 cov
 11 1 cov
 8 3522 cov 6 #additive
 9 3522 cov 6
 10 3522 cov 6
 11 3522 cov 6
 8 3522 cov 6 #pe
 9 3522 cov 6
 10 3522 cov 6
 11 3522 cov 6
 RANDOM_RESIDUAL VALUES
 .2796
 RANDOM_GROUP
 8 9 10 11
 RANDOM_TYPE
 add_animal
 FILE
 renadd05.ped
 (CO)VARIANCES
   0.4566E-01  0.3718E-02 -0.4472E-02  0.2311E-02
   0.3718E-02  0.1413E-01  0.2477E-02  0.8008E-02
  -0.4472E-02  0.2477E-02  0.1188E-02  0.1489E-02
   0.2311E-02  0.8008E-02  0.1489E-02  0.4901E-02
 RANDOM_GROUP
 12 13 14 15
 RANDOM_TYPE
 diagonal
 FILE

 (CO)VARIANCES
   0.2528E-01 -0.5105E-02  0.1002E-01 -0.6063E-02
  -0.5105E-02  0.7268E-02 -0.9468E-03  0.5824E-02
   0.1002E-01 -0.9468E-03  0.4371E-02 -0.1339E-02
  -0.6063E-02  0.5824E-02 -0.1339E-02  0.5524E-02
OPTION hetres_pos 8 9 10 11
OPTION hetres_pol 4.0 1.0 0.1 .01 .0001


How I can obtain the functions for different points in the curve, similar we have in WOMBAT in files
Curve_n(4,leg).dat, RanRegVariances.dat, RanRegCorrels.dat?

   
 Kind regards,
```

- [841](0841.md): Help in random regression analysis by raimundonblobo, Jun 27, 2017
    - [842](0842.md): Re: Help in random regression analysis by raimundonblobo, Jun 27, 2017
