## 1025: The variance component is negative in R matrix

- Title: 1025: The variance component is negative in R matrix
- Author: 邓飞
- Date: Nov 9, 2018
```
#ygrps-yiv-276479172 font{
line-height:1.6;}
#ygrps-yiv-276479172 ul, #ygrps-yiv-276479172 ol{
padding-left:20px;list-style-position:inside;}
#ygrps-yiv-276479172 font{
line-height:1.6;}
#ygrps-yiv-276479172 ul, #ygrps-yiv-276479172 ol{
padding-left:20px;list-style-position:inside;}
 
Hello everyone,


I'm Dengfei, I have a question about airemlf90.


When I run airemlf90, I find the diag of R matrix in the log of the process have negative value,  the model has not
converged yet,	and I wounder what's the reason of it.


Here is the log information, and you can see the variance component of trait6 and trait3 are -862.43 and -4624.7.


 *** Warning *** corrected Covariance Matrix		5  times
  In round	     15  convergence=  2.611273192735279E-006
  delta convergence=   9.14004272394865     
 new R
   7169.8	10293.	     87.160	 -106.39      -555.61	   -123.25    
   10293.	35292.	    -204.34	 -1173.2      -52.357	   -985.54    
   87.160      -204.34	    -862.43	  0.0000       0.0000	    0.0000    
  -106.39      -1173.2	     0.0000	  317.61      -869.56	   -665.44    
  -555.61      -52.357	     0.0000	 -869.56       1503.8	   -1489.1    
  -123.25      -985.54	     0.0000	 -665.44      -1489.1	   -4624.7    
 new G
   4379.1	7135.1	    0.74012	  11.834      -54.866	   -177.73    
   7135.1	15839.	     2.6297	 -39.676      -90.187	   -451.87    
  0.74012	2.6297	    0.93407	-0.37075      0.20396	   0.46497    
   11.834      -39.676	   -0.37075	  89.153      -69.448	   -96.371    
  -54.866      -90.187	    0.20396	 -69.448       55.797	    88.659    
  -177.73      -451.87	    0.46497	 -96.371       88.659	    254.20    
 -2logL =    1118922.91168849	    : AIC =    1119000.91168849     
    
Any comments or suggestions will be appreciate. Many thanks.



Cheers,
Deng Fei

```

- [1025](1025.md): The variance component is negative in R matrix by 邓飞, Nov 9, 2018
    - [1026](1026.md): Re: The variance component is negative in R matrix by yutakamasuda, Nov 9, 2018
